
25
1	6.660000	163	0	0	4	2022
2	7.560000	161	3	1	4	2022
3	7.830000	173	0	0	4	2022
4	7.460000	214	0	0	4	2022
5	7.940000	212	1	1	4	2022
6	6.920000	108	1	0	4	2022
7	7.470000	269	5	1	4	2022
8	7.390000	219	0	0	4	2022
9	7.490000	121	2	2	4	2022
10	7.590000	156	4	0	4	2022
11	7.200000	198	0	0	4	2022
12	7.350000	239	5	1	4	2022	
13	7.670000	173	0	0	4	2022
14	6.000000	100	1	0	4	2022
15	6.590000	171	1	0	4	2022
16	6.950000	259	0	1	4	2022
17	7.290000	201	3	0	4	2022
18	7.340000	144	0	0	4	2022
19	7.670000	244	4	0	4	2022
20	7.490000	281	5	1	4	2022
21	7.940000	181	2	0	4	2022
22	7.160000	205	0	1	4	2022
23	6.730000	112	1	0	4	2022	
24	7.350000	186	0	0	4	2022	
25	7.980000	203	10	2	4	2022	